0 0 72.9 0 1000 0
0 0 50.5 0 1000 0
0 0 47 0 1000 0
1 182 29.3 182 28.9468 1
1 94 46.4 94 14.9435 1
1 53 78.9 53 8.3802 1
1 56 79.4 56 8.9168 1
1 46 79.9 46 9.008 1
1 365 23 365 59.0322 1
1 316 23.3 316 50.4383 1
3 1179 36.4 13.5517 251.7808 1
8 1910 24.9 8.7215 703.6294 1
4 679 46.2 8.1807 192.3146 1
1 479 67.9 479 93.9304 1
1 299 93.1 299 53.0365 1
1 280 94.5 280 57.9034 1
1 638 59 638 118.8166 1
5 776 24.9 1.222 701.4673 1
4 750 44.7 3.0738 5007.4399 1
1 1064 71.4 1064 189.1005 1
1 105 49.6 105 16.7855 1
1 179 33.6 179 29.6498 1
1 127 38.8 127 20.2737 1
2 729 43.5 11.0455 245.5097 1
1 124 82.2 124 19.9058 1
3 117 116.4 1.8 5526.669 1
0 0 66.6 0 1000 0
0 0 64.5 0 1000 0
0 0 70.2 0 1000 0
0 0 40.4 0 1000 0
0 0 41.1 0 1000 0
0 0 49.3 0 1000 0
0 0 49.5 0 1000 0
1 1 52.8 1 0 0
0 0 59.4 0 1000 0
0 0 50.4 0 1000 0
0 0 57.5 0 1000 0
0 0 47.5 0 1000 0
0 0 59.1 0 1000 0
0 0 56 0 1000 0
1 1 82.2 1 0 0
1 1 116.8 1 0 0
0 0 79.7 0 1000 0
0 0 67.8 0 1000 0
0 0 73.8 0 1000 0
0 0 73.7 0 1000 0
0 0 131.7 0 1000 0
0 0 70.9 0 1000 0
0 0 66.8 0 1000 0
0 0 88.5 0 1000 0
1 1 62.8 1 0 0
1 1 67.5 1 0 0
0 0 72 0 1000 0
1 1 127.2 1 0 0
0 0 84.3 0 1000 0
0 0 37.1 0 1000 0
0 0 15.5 0 1000 0
1 1 36.6 1 0 0
1 1 63.1 1 0 0
0 0 84.6 0 1000 0
0 0 96.8 0 1000 0
0 0 44.3 0 1000 0
0 0 56 0 1000 0
3 19 213.8 1.1875 196.2582 0
0 0 106.4 0 1000 0
0 0 120.9 0 1000 0
1 1 66.4 1 0 0
0 0 67.4 0 1000 0
0 0 105.6 0 1000 0
0 0 113.7 0 1000 0
1 1 83.1 1 0 0
0 0 77.9 0 1000 0
0 0 148.1 0 1000 0
0 0 106.6 0 1000 0
2 159 19.6 3.18 15794.3333 0
0 0 30.9 0 1000 0
0 0 60.9 0 1000 0
1 23 37.1 23 6.3743 0
1 17 28.6 17 10.0484 0
1 1 43.7 1 0 0
0 0 81.3 0 1000 0
0 0 81.5 0 1000 0
0 0 91.7 0 1000 0
0 0 134.1 0 1000 0
0 0 88.2 0 1000 0
0 0 44.5 0 1000 0
0 0 30.9 0 1000 0
1 1 51.8 1 0 0
0 0 98.4 0 1000 0
0 0 142.7 0 1000 0
1 127 47.4 127 21.1502 1
1 282 27.8 282 46.2475 1
1 147 42.3 147 23.5084 1
1 100 59.5 100 15.9606 1
1 75 83.5 75 12.0345 1
1 66 91.3 66 10.6155 1
1 35 82.2 35 9.2849 1
1 17 65.1 17 7.3218 1
1 1 49.5 1 0 1
1 11 39.1 11 5.3388 1
2 48 41.5 2.087 24.5525 1
1 29 61.2 29 6.478 1
1 67 86.3 67 11.3963 1
1 72 88.8 72 12.4965 1
2 30 56.9 1.7647 70.5111 1
1 17 56.5 17 8.263 1
1 1 42.6 1 0 1
2 12 44.9 1.2 13.0044 1
1 1 40 1 0 1
2 35 55 1.2069 15797.4939 1
2 70 43.5 6.3636 384.433 1
5 169 85.9 3.1887 11823.5108 1
2 93 105.2 5.8125 548.6583 1
7 3337 37.1 61.7963 1108.3022 1
6 532 56.5 3.093 1225.9622 1
5 278 83.6 4.029 707.2421 1
3 105 133.6 9.5455 109.6904 1
1 13 40.4 13 5.787 1
2 15 74 1.0714 14.1203 1
1 23 100.4 23 4.6503 1
1 12 132.7 12 3.9097 1
1 11 131.6 11 2.5785 1
1 142 35.8 142 23.3789 1
1 61 65 61 10.4139 1
1 49 91.6 49 7.7709 1
1 43 108.4 43 6.8459 1
1 39 125 39 6.2972 1
1 35 150.2 35 5.6131 1
2 123 40 2.1207 20710.8732 1
2 67 68.3 3.0455 5835.7585 1
2 64 92.6 6.4 2388.018 1
1 46 122.8 46 7.3299 1
1 33 139.8 33 6.4683 1
1 24 169.9 24 5.8472 1
1 27 177.3 27 5.6049 1
3 91 138.3 3.7917 5732.2724 1
1 48 115.9 48 7.8416 1
1 125 45.8 125 19.9862 1
6 1724 18.9 1.1166 2616.5106 1
3 485 48.6 1.3108 725.2924 1
3 245 62.8 1.2189 755.5152 1
2 202 75.5 2.4634 309.6198 1
1 174 85.9 174 37.3703 1
2 1947 35.4 74.8846 394.0088 1
1 58 95.1 58 9.1965 1
1 47 123.9 47 7.4921 1
1 40 144.9 40 6.3294 1
1 64 83.1 64 10.2305 1
1 58 86.9 58 9.2345 1
1 50 93.5 50 8.008 1
1 43 109 43 6.8242 1
1 36 78.6 36 5.7461 1
3 42 95.1 1.0244 1875.8077 1
1 51 82.5 51 8.1438 1
1 70 86 70 11.1512 1
1 68 91.8 68 10.7604 1
1 1 110.9 1 0 1
1 26 74.5 26 5.0192 1
1 271 33.6 271 51.7581 1
1 338 34.4 338 55.5674 1
1 30 89.3 30 7.0289 1
2 121 69.7 1.1863 30376.1597 1
1 14 118.1 14 6.6582 1
1 34 153.6 34 5.8183 1
1 26 188.5 26 5.4749 1
0 0 87.9 0 1000 0
2 12 26.1 1.2 524.9287 0
2 10 28.4 1 288.39 0
0 0 45.9 0 1000 0
13 182 22.9 1.1304 8474.5905 0
0 0 58.4 0 1000 0
0 0 48.5 0 1000 0
0 0 79.5 0 1000 0
0 0 97.9 0 1000 0
2 38 51.1 1.3571 85.4003 0
1 1 51 1 0 0
0 0 28.9 0 1000 0
10 8440 8.6 7.6449 11690.7378 0
7 50 22.2 2.0833 1545.9969 0
0 0 41.9 0 1000 0
0 0 55.5 0 1000 0
0 0 87.2 0 1000 0
1 80 75.5 80 12.9422 1
1 1 167.7 1 0 1
1 1 169.1 1 0 1
0 0 170 0 1000 1
1 1 160.4 1 0 1
1 102 160.4 102 16.4984 1
1 92 157.5 92 14.702 1
1 171 33.6 171 58.5012 1
1 360 27.8 360 86.8058 1
1 186 93.1 186 30.4976 1
1 105 140.9 105 16.9125 1
3 50 209.3 2.0833 11725.158 1
2 21 210.5 1.1053 43157.1922 1
1 27 214.9 27 5.989 1
2 489 33.6 15.2812 103.886 1
1 105 55.1 105 39.1202 1
2 321 26.8 2.2292 159.305 1
4 849 32.4 10.2289 288.6824 1
1 10 190.9 10 1.65 1
4 733 53 56.3846 932.1862 1
14 4651 45.6 50.5543 1401.7949 1
14 18938 14.1 159.1429 4231.9505 1
2 601 99.5 23.1154 2225.3659 1
2 310 104.2 3.7805 2357.1721 1
5 3653 25.9 140.5 717.7766 1
5 3463 23.3 13.3707 871.4343 1
1 557 71.8 557 91.8977 1
2 378 114.9 18 71.3408 1
16 2696 41.8 30.2921 1056.3232 1
15 1804 38.5 11.3459 1093.4478 1
1 320 99.8 320 53.3216 1
